Parameter containing:
tensor([[[ 0.1491],
         [-0.2419],
         [ 0.2176],
         [ 0.2590],
         [-0.1926],
         [ 0.0119],
         [-0.0641],
         [ 0.0727],
         [ 0.0841],
         [-0.2432],
         [-0.1021],
         [ 0.1386],
         [-0.0122]],

        [[-0.0541],
         [ 0.0479],
         [-0.1003],
         [ 0.1290],
         [ 0.0813],
         [ 0.0962],
         [ 0.1162],
         [ 0.2580],
         [-0.1379],
         [ 0.1421],
         [ 0.1342],
         [-0.0081],
         [ 0.1012]],

        [[ 0.0971],
         [ 0.1593],
         [ 0.2653],
         [ 0.1518],
         [-0.1948],
         [ 0.1135],
         [-0.0390],
         [-0.1863],
         [-0.1112],
         [ 0.1122],
         [ 0.1163],
         [-0.0110],
         [-0.0873]],

        [[ 0.0021],
         [ 0.2531],
         [-0.0891],
         [ 0.0010],
         [ 0.2034],
         [ 0.0150],
         [ 0.1012],
         [-0.1593],
         [ 0.0196],
         [-0.0489],
         [ 0.0915],
         [ 0.1758],
         [ 0.1743]],

        [[ 0.1081],
         [-0.0914],
         [ 0.0468],
         [-0.1807],
         [-0.2682],
         [-0.2697],
         [ 0.0856],
         [ 0.2388],
         [-0.1554],
         [ 0.0524],
         [-0.0721],
         [-0.2264],
         [ 0.0231]],

        [[-0.2057],
         [ 0.2692],
         [-0.0583],
         [ 0.2425],
         [ 0.2165],
         [ 0.0951],
         [ 0.2088],
         [ 0.2569],
         [ 0.1693],
         [-0.0083],
         [ 0.0579],
         [ 0.1747],
         [ 0.0673]],

        [[ 0.2266],
         [-0.2754],
         [ 0.1856],
         [-0.1115],
         [-0.1082],
         [ 0.0432],
         [-0.2674],
         [ 0.2280],
         [ 0.0941],
         [-0.0348],
         [-0.1398],
         [ 0.0040],
         [ 0.0272]],

        [[-0.1575],
         [-0.1172],
         [ 0.2601],
         [ 0.0288],
         [-0.0602],
         [-0.2600],
         [ 0.2374],
         [-0.1692],
         [-0.1592],
         [ 0.1969],
         [ 0.1153],
         [-0.0163],
         [-0.0058]],

        [[-0.2520],
         [-0.0115],
         [ 0.0531],
         [ 0.0968],
         [ 0.2220],
         [-0.2038],
         [ 0.1309],
         [ 0.1706],
         [-0.2345],
         [-0.2363],
         [ 0.2418],
         [ 0.1975],
         [ 0.1690]],

        [[ 0.1917],
         [ 0.1897],
         [-0.0101],
         [ 0.1108],
         [ 0.2243],
         [-0.1656],
         [ 0.0746],
         [-0.2258],
         [ 0.1358],
         [-0.0059],
         [-0.2061],
         [ 0.2085],
         [ 0.1110]],

        [[-0.0911],
         [-0.0550],
         [ 0.2595],
         [ 0.0603],
         [ 0.2560],
         [ 0.2637],
         [ 0.1383],
         [ 0.0662],
         [-0.1234],
         [-0.0979],
         [-0.1280],
         [-0.2392],
         [-0.0246]],

        [[-0.0836],
         [-0.1175],
         [ 0.0877],
         [ 0.1320],
         [-0.1332],
         [-0.1461],
         [-0.0643],
         [-0.1713],
         [ 0.0691],
         [ 0.1387],
         [-0.0446],
         [-0.1423],
         [-0.0398]],

        [[ 0.2723],
         [ 0.0384],
         [ 0.2224],
         [ 0.1489],
         [ 0.2634],
         [ 0.0319],
         [-0.0290],
         [-0.1005],
         [ 0.2712],
         [-0.2299],
         [-0.1138],
         [-0.1838],
         [ 0.0700]],

        [[-0.0676],
         [ 0.1776],
         [ 0.2212],
         [-0.0615],
         [ 0.2420],
         [-0.0017],
         [ 0.1368],
         [-0.2270],
         [-0.1943],
         [-0.0212],
         [ 0.2759],
         [ 0.1639],
         [ 0.1480]],

        [[-0.1847],
         [ 0.2675],
         [ 0.1609],
         [-0.2133],
         [ 0.2288],
         [ 0.0307],
         [-0.2310],
         [ 0.1935],
         [ 0.1853],
         [ 0.1019],
         [-0.1611],
         [-0.1051],
         [ 0.1599]],

        [[ 0.1517],
         [-0.0052],
         [-0.1062],
         [-0.1454],
         [-0.1628],
         [-0.0571],
         [ 0.1445],
         [ 0.0508],
         [-0.0226],
         [ 0.0462],
         [-0.0119],
         [ 0.1503],
         [ 0.1016]],

        [[ 0.1472],
         [ 0.2354],
         [-0.0548],
         [-0.1631],
         [ 0.0540],
         [-0.2355],
         [ 0.0645],
         [-0.2706],
         [ 0.1532],
         [ 0.2127],
         [ 0.1867],
         [ 0.1744],
         [-0.0640]],

        [[-0.0664],
         [-0.1011],
         [-0.2454],
         [ 0.1497],
         [-0.1821],
         [ 0.0363],
         [ 0.2268],
         [-0.0985],
         [-0.2721],
         [ 0.2563],
         [-0.0742],
         [-0.0499],
         [ 0.1642]],

        [[-0.1686],
         [ 0.0419],
         [ 0.0598],
         [-0.0517],
         [-0.1105],
         [-0.0206],
         [ 0.0402],
         [-0.1357],
         [ 0.1293],
         [ 0.2670],
         [ 0.2691],
         [ 0.2389],
         [-0.2159]],

        [[-0.0117],
         [-0.0566],
         [ 0.2115],
         [-0.2736],
         [ 0.0227],
         [ 0.0269],
         [ 0.0117],
         [ 0.2239],
         [ 0.0556],
         [-0.0468],
         [-0.0616],
         [ 0.1839],
         [-0.1311]],

        [[ 0.0018],
         [ 0.0321],
         [ 0.0557],
         [ 0.1398],
         [-0.0514],
         [ 0.2181],
         [ 0.0485],
         [ 0.0977],
         [ 0.1570],
         [ 0.1116],
         [ 0.2434],
         [-0.0779],
         [ 0.0965]],

        [[-0.1134],
         [-0.1276],
         [-0.1156],
         [-0.1697],
         [-0.1113],
         [-0.0645],
         [-0.1146],
         [-0.0697],
         [-0.1132],
         [ 0.1666],
         [ 0.0415],
         [ 0.0914],
         [-0.1576]],

        [[-0.0679],
         [-0.2326],
         [ 0.1623],
         [-0.1081],
         [-0.2472],
         [ 0.0037],
         [-0.1482],
         [ 0.1774],
         [-0.0783],
         [-0.1848],
         [ 0.2005],
         [ 0.2505],
         [-0.0645]],

        [[ 0.0072],
         [ 0.0717],
         [ 0.0221],
         [-0.1835],
         [ 0.2070],
         [-0.1829],
         [ 0.2256],
         [ 0.0687],
         [ 0.0846],
         [ 0.0480],
         [ 0.0066],
         [-0.0204],
         [ 0.2350]],

        [[-0.2116],
         [ 0.2107],
         [-0.2587],
         [-0.1491],
         [-0.0652],
         [-0.0081],
         [ 0.0791],
         [ 0.0347],
         [ 0.0684],
         [-0.1468],
         [ 0.0854],
         [-0.2030],
         [-0.2399]],

        [[ 0.1280],
         [-0.2475],
         [-0.1398],
         [-0.0553],
         [ 0.0211],
         [-0.0560],
         [-0.2405],
         [ 0.0560],
         [-0.0908],
         [ 0.0708],
         [-0.1726],
         [-0.2252],
         [-0.2737]],

        [[ 0.2219],
         [-0.1266],
         [-0.0383],
         [-0.2663],
         [ 0.0762],
         [-0.0248],
         [ 0.0468],
         [ 0.0522],
         [ 0.0373],
         [ 0.1640],
         [ 0.1049],
         [-0.2254],
         [ 0.0201]],

        [[-0.0042],
         [ 0.1620],
         [ 0.2103],
         [-0.0874],
         [-0.0158],
         [ 0.0907],
         [-0.0725],
         [-0.1874],
         [-0.1006],
         [-0.0953],
         [ 0.1162],
         [-0.0904],
         [-0.0513]],

        [[ 0.0990],
         [-0.1111],
         [ 0.1882],
         [ 0.0980],
         [ 0.0521],
         [ 0.1022],
         [ 0.1385],
         [ 0.0804],
         [-0.0388],
         [ 0.2445],
         [ 0.1635],
         [-0.0486],
         [-0.1615]],

        [[-0.1944],
         [ 0.1576],
         [ 0.0898],
         [-0.1172],
         [ 0.1093],
         [ 0.1994],
         [-0.2749],
         [ 0.1615],
         [ 0.2280],
         [-0.2535],
         [-0.2324],
         [ 0.0526],
         [ 0.1550]],

        [[ 0.0156],
         [ 0.1856],
         [-0.0713],
         [-0.1244],
         [ 0.2311],
         [-0.1492],
         [ 0.2207],
         [ 0.0566],
         [ 0.1744],
         [ 0.0625],
         [ 0.0903],
         [-0.0109],
         [ 0.0089]],

        [[ 0.1691],
         [ 0.0017],
         [-0.0234],
         [-0.0271],
         [ 0.0966],
         [ 0.0512],
         [-0.0181],
         [-0.2741],
         [ 0.1295],
         [-0.0697],
         [ 0.1326],
         [-0.1129],
         [ 0.1524]]], device='cuda:0', requires_grad=True)

########################################################3

Parameter containing:
tensor([[[ 0.1182],
         [-0.2731],
         [ 0.1864],
         [ 0.2283],
         [-0.2252],
         [ 0.0014],
         [-0.0929],
         [ 0.0482],
         [ 0.0839],
         [-0.2444],
         [-0.1023],
         [ 0.1134],
         [-0.0411]],

        [[-0.0697],
         [ 0.0331],
         [-0.1152],
         [ 0.1130],
         [ 0.0665],
         [ 0.0961],
         [ 0.1015],
         [ 0.2371],
         [-0.1400],
         [ 0.1393],
         [ 0.1335],
         [-0.0261],
         [ 0.0871]],

        [[ 0.0864],
         [ 0.1493],
         [ 0.2559],
         [ 0.1412],
         [-0.1760],
         [ 0.1120],
         [-0.0499],
         [-0.1978],
         [-0.1097],
         [ 0.1156],
         [ 0.1178],
         [-0.0204],
         [-0.1000]],

        [[-0.0064],
         [ 0.2454],
         [-0.0967],
         [-0.0071],
         [ 0.2069],
         [ 0.0168],
         [ 0.0914],
         [-0.1650],
         [ 0.0226],
         [-0.0421],
         [ 0.0934],
         [ 0.1691],
         [ 0.1605]],

        [[ 0.0853],
         [-0.1143],
         [ 0.0233],
         [-0.2033],
         [-0.3024],
         [-0.2660],
         [ 0.0604],
         [ 0.2136],
         [-0.1572],
         [ 0.0512],
         [-0.0732],
         [-0.2528],
         [-0.0031]],

        [[-0.2194],
         [ 0.2562],
         [-0.0715],
         [ 0.2290],
         [ 0.2073],
         [ 0.1028],
         [ 0.1921],
         [ 0.2383],
         [ 0.1692],
         [-0.0054],
         [ 0.0582],
         [ 0.1569],
         [ 0.0473]],

        [[ 0.1968],
         [-0.3052],
         [ 0.1554],
         [-0.1419],
         [-0.1418],
         [ 0.0410],
         [-0.2970],
         [ 0.1952],
         [ 0.0895],
         [-0.0405],
         [-0.1423],
         [-0.0287],
         [ 0.0018]],

        [[-0.1840],
         [-0.1442],
         [ 0.2326],
         [ 0.0021],
         [-0.1045],
         [-0.2584],
         [ 0.2105],
         [-0.1974],
         [-0.1622],
         [ 0.1933],
         [ 0.1133],
         [-0.0461],
         [-0.0319]],

        [[-0.2200],
         [ 0.0203],
         [ 0.0842],
         [ 0.1289],
         [ 0.2435],
         [-0.1921],
         [ 0.1594],
         [ 0.1981],
         [-0.2353],
         [-0.2360],
         [ 0.2412],
         [ 0.2225],
         [ 0.2012]],

        [[ 0.2051],
         [ 0.2030],
         [ 0.0030],
         [ 0.1251],
         [ 0.2297],
         [-0.1637],
         [ 0.0871],
         [-0.2078],
         [ 0.1388],
         [-0.0030],
         [-0.2048],
         [ 0.2246],
         [ 0.1206]],

        [[-0.0883],
         [-0.0519],
         [ 0.2619],
         [ 0.0630],
         [ 0.2593],
         [ 0.2730],
         [ 0.1375],
         [ 0.0647],
         [-0.1246],
         [-0.0969],
         [-0.1285],
         [-0.2424],
         [-0.0228]],

        [[-0.0961],
         [-0.1297],
         [ 0.0752],
         [ 0.1205],
         [-0.1525],
         [-0.1464],
         [-0.0759],
         [-0.1789],
         [ 0.0711],
         [ 0.1406],
         [-0.0438],
         [-0.1509],
         [-0.0560]],

        [[ 0.2889],
         [ 0.0547],
         [ 0.2378],
         [ 0.1655],
         [ 0.2671],
         [ 0.0453],
         [-0.0151],
         [-0.0886],
         [ 0.2686],
         [-0.2327],
         [-0.1154],
         [-0.1736],
         [ 0.0857]],

        [[-0.0704],
         [ 0.1741],
         [ 0.2180],
         [-0.0638],
         [ 0.2360],
         [-0.0045],
         [ 0.1343],
         [-0.2247],
         [-0.1908],
         [-0.0182],
         [ 0.2774],
         [ 0.1657],
         [ 0.1400]],

        [[-0.1858],
         [ 0.2663],
         [ 0.1592],
         [-0.2133],
         [ 0.2173],
         [ 0.0240],
         [-0.2306],
         [ 0.1978],
         [ 0.1888],
         [ 0.1025],
         [-0.1595],
         [-0.1015],
         [ 0.1594]],

        [[ 0.1634],
         [ 0.0068],
         [-0.0936],
         [-0.1342],
         [-0.1427],
         [-0.0580],
         [ 0.1584],
         [ 0.0611],
         [-0.0215],
         [ 0.0449],
         [-0.0111],
         [ 0.1640],
         [ 0.1132]],

        [[ 0.1616],
         [ 0.2500],
         [-0.0397],
         [-0.1484],
         [ 0.0831],
         [-0.2290],
         [ 0.0781],
         [-0.2553],
         [ 0.1569],
         [ 0.2174],
         [ 0.1890],
         [ 0.1901],
         [-0.0578]],

        [[-0.0696],
         [-0.1040],
         [-0.2487],
         [ 0.1462],
         [-0.1886],
         [ 0.0439],
         [ 0.2211],
         [-0.1066],
         [-0.2744],
         [ 0.2559],
         [-0.0754],
         [-0.0590],
         [ 0.1607]],

        [[-0.1567],
         [ 0.0542],
         [ 0.0727],
         [-0.0408],
         [-0.0793],
         [-0.0240],
         [ 0.0536],
         [-0.1275],
         [ 0.1296],
         [ 0.2669],
         [ 0.2701],
         [ 0.2505],
         [-0.1991]],

        [[-0.0402],
         [-0.0847],
         [ 0.1832],
         [-0.3022],
         [ 0.0041],
         [ 0.0278],
         [-0.0178],
         [ 0.1944],
         [ 0.0530],
         [-0.0473],
         [-0.0631],
         [ 0.1535],
         [-0.1598]],

        [[-0.0017],
         [ 0.0286],
         [ 0.0526],
         [ 0.1369],
         [-0.0416],
         [ 0.2154],
         [ 0.0439],
         [ 0.0971],
         [ 0.1619],
         [ 0.1184],
         [ 0.2465],
         [-0.0778],
         [ 0.0866]],

        [[-0.1215],
         [-0.1361],
         [-0.1245],
         [-0.1785],
         [-0.1270],
         [-0.0724],
         [-0.1202],
         [-0.0798],
         [-0.1181],
         [ 0.1586],
         [ 0.0387],
         [ 0.0824],
         [-0.1572]],

        [[-0.0595],
         [-0.2244],
         [ 0.1701],
         [-0.0995],
         [-0.2447],
         [ 0.0057],
         [-0.1400],
         [ 0.1855],
         [-0.0786],
         [-0.1858],
         [ 0.2004],
         [ 0.2582],
         [-0.0561]],

        [[ 0.0233],
         [ 0.0875],
         [ 0.0379],
         [-0.1682],
         [ 0.2091],
         [-0.1790],
         [ 0.2422],
         [ 0.0800],
         [ 0.0829],
         [ 0.0444],
         [ 0.0056],
         [-0.0078],
         [ 0.2524]],

        [[-0.2361],
         [ 0.1863],
         [-0.2829],
         [-0.1728],
         [-0.0856],
         [-0.0160],
         [ 0.0562],
         [ 0.0168],
         [ 0.0719],
         [-0.1438],
         [ 0.0874],
         [-0.2212],
         [-0.2679]],

        [[ 0.1217],
         [-0.2540],
         [-0.1462],
         [-0.0611],
         [ 0.0168],
         [-0.0630],
         [-0.2448],
         [ 0.0561],
         [-0.0891],
         [ 0.0713],
         [-0.1719],
         [-0.2257],
         [-0.2798]],

        [[ 0.2630],
         [-0.0862],
         [ 0.0016],
         [-0.2246],
         [ 0.1189],
         [-0.0149],
         [ 0.0836],
         [ 0.0931],
         [ 0.0394],
         [ 0.1668],
         [ 0.1057],
         [-0.1883],
         [ 0.0566]],

        [[-0.0063],
         [ 0.1602],
         [ 0.2086],
         [-0.0893],
         [-0.0231],
         [ 0.0907],
         [-0.0727],
         [-0.1899],
         [-0.1010],
         [-0.0959],
         [ 0.1157],
         [-0.0919],
         [-0.0527]],

        [[ 0.1116],
         [-0.0991],
         [ 0.2007],
         [ 0.1107],
         [ 0.0545],
         [ 0.0919],
         [ 0.1546],
         [ 0.0968],
         [-0.0368],
         [ 0.2433],
         [ 0.1645],
         [-0.0300],
         [-0.1464]],

        [[-0.1990],
         [ 0.1535],
         [ 0.0855],
         [-0.1215],
         [ 0.0965],
         [ 0.2003],
         [-0.2782],
         [ 0.1570],
         [ 0.2282],
         [-0.2539],
         [-0.2323],
         [ 0.0497],
         [ 0.1473]],

        [[ 0.0158],
         [ 0.1852],
         [-0.0721],
         [-0.1224],
         [ 0.2286],
         [-0.1405],
         [ 0.2168],
         [ 0.0613],
         [ 0.1791],
         [ 0.0718],
         [ 0.0924],
         [-0.0103],
         [-0.0003]],

        [[ 0.1499],
         [-0.0173],
         [-0.0424],
         [-0.0456],
         [ 0.0693],
         [ 0.0419],
         [-0.0344],
         [-0.2869],
         [ 0.1320],
         [-0.0688],
         [ 0.1340],
         [-0.1252],
         [ 0.1327]]], device='cuda:0', requires_grad=True)